12 15 18 12 17 15 10 12 22 10 5 9 25 28 10 12 18 11 22 24 2
9 8 15 10 
30 28 22 
15 12 23 12 25 31 10
1 12 7 6 29 14 10 
15 16 17 19 22 12 10 
12 
15 14 12 17 12 12 
14 15 12 12 11 12 10 
12 15 11 11 11 16 12 
12 15 18 12 
17 15 10
2 5 28 22 7 5 0
15 16 18 12 27 15 20 
23 23 28 22 27 25 20 
22 15 
38 22 27 25 10 
14 13 18 12 17 16 18 
22 25 38 32 17 15 16
 13 15 12 12 14 
12 11
 32 32 31 25 5 14 12 
15 16 18 22 31 1 10
 32 25 18 2 27 25 10
 18 
16 28 22 27 25 20 
23 23 26 15 17 10 12 
15 18 16 12
 18 28 42 45 47 23 21